projtable version 3
Wed May 03 16:56:04 CEST 2017

# format: angle / entries of projection matrices
200

@ 1
0.0 0.0
-100.0 -1200.0 0.0 60000.0 
-75.0 0.0 1200.0 45000.0 
-1.0 0.0 0.0 600.0 

@ 2
359.0 0.0
-79.04188179089891 -1201.5624748313978 -1.0247358517290195E-13 60000.0 
-74.98857713672935 -1.3089304827961383 1200.0 45000.0 
-0.9998476951563913 -0.01745240643728351 0.0 600.0 

@ 3
358.0 0.0
-58.05968665890841 -1202.758942093165 -8.326672684688674E-14 60000.0 
-74.95431202643205 -2.6174622526875146 1200.0000000000002 45000.0 
-0.9993908270190958 -0.03489949670250097 0.0 600.0 

@ 4
357.0 0.0
-37.05980598392481 -1203.589037329783 -2.523536934972981E-13 60000.00000000001 
-74.89721510659292 -3.925196718220671 1200.0 45000.0 
-0.9986295347545738 -0.05233595624294383 0.0 600.0 

@ 5
356.0 0.0
-16.048636533032052 -1204.052507686202 2.4402702081260946E-13 60000.00000000001 
-74.81730376948656 -5.231735530809498 1200.0000000000002 45000.0 
-0.9975640502598242 -0.0697564737441253 0.0 600.0 

@ 6
355.0 0.0
4.967421488015262 -1204.149211984861 1.8318679906315085E-13 60000.0 
-74.71460235688092 -6.536680706074328 1200.0 45000.0 
-0.9961946980917455 -0.08715574274765817 0.0 600.0 

@ 7
353.99999999999994 0.0
25.981966384356767 -1203.8791207686932 -2.1649348980190547E-13 60000.00000000001 
-74.58914215262038 -7.839634745074077 1200.0000000000002 45000.0 
-0.9945218953682733 -0.10452846326765346 0.0 600.0 

@ 8
353.0 0.0
46.98859692204482 -1203.2423163101014 2.1649348980190553E-13 60000.0 
-74.44096137309889 -9.140200755385962 1200.0000000000002 45000.0 
-0.992546151641322 -0.12186934340514748 0.0 600.0 

@ 9
351.99999999999994 0.0
67.98091427792149 -1202.2389925858909 -9.992007221626409E-14 60000.0 
-74.27010515561764 -10.437982572004874 1200.0000000000002 45000.0 
-0.9902680687415704 -0.13917310096006544 0.0 600.0 

@ 10
351.0 0.0
88.95252398876332 -1200.869455218189 4.880540416252188E-13 60000.0 
-74.07662554463533 -11.732584878017414 1200.0 45000.0 
-0.9876883405951378 -0.15643446504023087 0.0 600.0 

@ 11
350.00000000000006 0.0
109.89703789909557 -1199.1341213813425 -2.7533531010703983E-14 60000.00000000001 
-73.86058147591534 -13.023613325019678 1200.0000000000002 45000.0 
-0.984807753012208 -0.17364817766693033 0.0 600.0 

@ 12
348.99999999999994 0.0
130.80807610708732 -1197.033519674851 -1.9984014443252818E-13 60000.0 
-73.6220387585748 -14.310674653240927 1199.9999999999998 45000.0 
-0.981627183447664 -0.1908089953765448 0.0 600.0 

@ 13
348.00000000000006 0.0
151.67926890793066 -1194.568289962343 2.606803661819868E-13 60000.0 
-73.36107005503516 -15.593376811331982 1200.0000000000002 45000.0 
-0.9781476007338057 -0.20791169081775931 0.0 600.0 

@ 14
347.0 0.0
172.50425873411444 -1191.7391831766688 -2.2737367544323206E-13 60000.0 
-73.07775485889265 -16.87132907578974 1200.0 45000.0 
-0.9743700647852352 -0.22495105434386498 0.0 600.0 

@ 15
346.0 0.0
193.2767020920017 -1188.5470610911625 1.9984014443252818E-13 60000.0 
-72.77217947069961 -18.14414216997511 1200.0000000000002 45000.0 
-0.9702957262759965 -0.24192189559966773 0.0 600.0 

@ 16
345.0 0.0
213.99027149411805 -1184.992896057134 -3.3306690738754696E-13 60000.0 
-72.44443697167999 -19.411428382689056 1200.0 45000.0 
-0.9659258262890683 -0.25881904510252074 0.0 600.0 

@ 17
344.0 0.0
234.63865738656708 -1181.0777707076827 6.661338147750939E-14 60000.0 
-72.09462719537392 -20.67280168627487 1200.0 45000.0 
-0.9612616959383189 -0.27563735581699916 0.0 600.0 

@ 18
342.99999999999994 0.0
255.2155700709805 -1176.8028776279164 1.6076029396572267E-13 60000.0 
-71.72285669722754 -21.92787785420532 1200.0 45000.0 
-0.9563047559630355 -0.2923717047227367 0.0 600.0 

@ 19
342.0 0.0
275.71474162042165 -1172.169518991679 1.3322676295501878E-13 60000.00000000001 
-71.32923872213625 -23.176274578120992 1200.0000000000002 45000.0 
-0.9510565162951535 -0.3090169943749474 0.0 600.0 

@ 20
341.00000000000006 0.0
296.12992778865635 -1167.179106164896 1.3322676295501878E-13 60000.0 
-70.91389316994876 -24.417611584286753 1200.0 45000.0 
-0.9455185755993168 -0.3255681544571567 0.0 600.0 

@ 21
340.0 0.0
316.45490991221163 -1161.833159275657 -6.661338147750939E-14 60000.0 
-70.47694655894313 -25.651510749425153 1200.0 45000.0 
-0.9396926207859084 -0.3420201433256687 0.0 600.0 

@ 22
339.0 0.0
336.6834968046401 -1156.133306751172 0.0 60000.0 
-70.01853198729013 -26.87759621589752 1200.0 45000.0 
-0.9335804264972017 -0.35836794954530027 0.0 600.0 

@ 23
338.0 0.0
356.80952664241556 -1150.0812848217363 -1.332267629550188E-13 60000.0 
-69.53878909250894 -28.095494506193333 1200.0 45000.0 
-0.9271838545667874 -0.374606593415912 0.0 600.0 

@ 24
337.0 0.0
376.8268688418844 -1143.6789369918558 2.2737367544323206E-13 60000.0 
-69.03786400893303 -29.30483463669566 1200.0 45000.0 
-0.9205048534524404 -0.3907311284892737 0.0 600.0 

@ 25
335.99999999999994 0.0
396.72942592670006 -1136.928213478701 -1.6076029396572267E-13 60000.00000000001 
-68.51590932319507 -30.50524823068495 1200.0 45000.0 
-0.9135454576426009 -0.40673664307580015 0.0 600.0 

@ 26
335.00000000000006 0.0
416.51113538517444 -1129.83117061805 1.3322676295501878E-13 60000.0 
-67.97308402774887 -31.696369630552525 1199.9999999999998 45000.0 
-0.9063077870366499 -0.42261826174069944 0.0 600.0 

@ 27
333.99999999999994 0.0
436.16597151697613 -1122.389970237908 -1.3322676295501878E-13 60000.0 
-67.4095534724374 -32.877836009180804 1200.0 45000.0 
-0.898794046299167 -0.4383711467890774 0.0 600.0 

@ 28
333.0 0.0
455.68794726861915 -1114.606878999996 -6.661338147750939E-14 60000.0 
-66.8254893141276 -34.049287480466006 1200.0 45000.0 
-0.8910065241883679 -0.45399049973954675 0.0 600.0 

@ 29
332.00000000000006 0.0
475.07111605717614 -1106.4842677093015 -9.414691248821333E-14 60000.0 
-66.2210694644194 -35.21036720894161 1200.0000000000002 45000.0 
-0.882947592858927 -0.4694715627858908 0.0 600.0 

@ 30
331.0 0.0
494.30957358166484 -1098.0246105919086 -6.661338147750939E-14 60000.0 
-65.59647803545457 -36.360721518475145 1200.0000000000002 45000.0 
-0.8746197071393957 -0.48480962024633706 0.0 600.0 

@ 31
330.00000000000006 0.0
513.3974596215561 -1089.2304845413266 1.3322676295501878E-13 60000.0 
-64.9519052838329 -37.50000000000006 1200.0 45000.0 
-0.8660254037844387 -0.49999999999999994 0.0 600.0 

@ 32
329.0 0.0
532.3289598218536 -1080.1045683335403 -1.3322676295501876E-13 60000.0 
-64.28754755265842 -38.627855618254195 1200.0 45000.0 
-0.8571673007021123 -0.5150380749100542 0.0 600.0 

@ 33
328.0 0.0
551.0983074642032 -1070.6496418110316 -1.3322676295501878E-13 60000.0 
-63.60360721173195 -39.743944817490366 1200.0 45000.0 
-0.848048096156426 -0.5299192642332049 0.0 600.0 

@ 34
327.0 0.0
569.6997852234899 -1060.8685850360116 -4.46753745109163E-13 60000.0 
-62.90029259590694 -40.84792762612716 1199.9999999999998 45000.0 
-0.838670567945424 -0.544639035015027 0.0 600.0 

@ 35
326.0 0.0
588.1277269093919 -1050.7643774131247 -7.993605777301228E-15 60000.0 
-62.17781794162799 -41.939467760305874 1200.0000000000002 45000.0 
-0.8290375725550417 -0.5591929034707468 0.0 600.0 

@ 36
325.0 0.0
606.3765191923561 -1040.3400967818948 -2.6645352591003757E-13 60000.00000000001 
-61.43640332167412 -43.01823272632833 1200.0000000000002 45000.0 
-0.8191520442889918 -0.573576436351046 0.0 600.0 

@ 37
324.0 0.0
624.440603313473 -1029.5989184791842 0.0 60000.0 
-60.67627457812106 -44.083893921935484 1200.0 45000.0 
-0.8090169943749475 -0.5877852522924731 0.0 600.0 

@ 38
323.0 0.0
642.3144767777286 -1018.5441143719562 2.2737367544323206E-13 60000.0 
-59.89766325354696 -45.13612673640362 1200.0 45000.0 
-0.7986355100472928 -0.6018150231520483 0.0 600.0 

@ 39
322.00000000000006 0.0
659.9926950301178 -1007.1790518606321 -1.1368683772161602E-13 60000.0 
-59.10080652050428 -46.17461064942437 1199.9999999999998 45000.0 
-0.7880107536067219 -0.6156614753256583 0.0 600.0 

@ 40
321.0 0.0
677.4698731141078 -995.507192853349 -1.6076029396572267E-13 60000.0 
-58.28594710927282 -47.19902932873755 1200.0 45000.0 
-0.7771459614569709 -0.6293203910498375 0.0 600.0 

@ 41
320.00000000000006 0.0
694.7406873119492 -983.5320927114274 -9.41469124882133E-14 60000.00000000001 
-57.45333323392336 -48.20907072649032 1200.0 45000.0 
-0.766044443118978 -0.6427876096865393 0.0 600.0 

@ 42
319.0 0.0
711.7998767663315 -971.2573991663771 -1.1368683772161603E-13 60000.0 
-56.6032185167079 -49.20442717428804 1200.0 45000.0 
-0.754709580222772 -0.6560590289905073 0.0 600.0 

@ 43
317.99999999999994 0.0
728.6422450828904 -958.6868512087589 3.135269821541442E-13 60000.0 
-55.735861910804566 -50.18479547691423 1200.0000000000002 45000.0 
-0.7431448254773942 -0.6691306063588582 0.0 600.0 

@ 44
317.00000000000006 0.0
745.2626619130808 -945.8242779492543 -1.4122036873232011E-13 60000.00000000001 
-54.85152762143766 -51.14987700468726 1200.0000000000002 45000.0 
-0.7313537016191705 -0.6819983600624985 0.0 600.0 

@ 45
316.0 0.0
761.6560645169316 -932.6735974522812 1.1368683772161603E-13 60000.0 
-53.95048502539884 -52.099377784424796 1200.0 45000.0 
-0.7193398003386512 -0.6946583704589973 0.0 600.0 

@ 46
315.0 0.0
777.8174593052022 -919.2388155425118 0.0 60000.0 
-53.033008588991066 -53.03300858899106 1200.0 45000.0 
-0.7071067811865476 -0.7071067811865475 0.0 600.0 

@ 47
314.0 0.0
793.7419233604816 -905.5240245846619 -1.1368683772161603E-13 60000.0 
-52.0993777844248 -53.950485025398834 1200.0 45000.0 
-0.6946583704589974 -0.7193398003386511 0.0 600.0 

@ 48
313.0 0.0
809.4246059367549 -891.5334022369152 2.469136006766348E-13 60000.00000000001 
-51.14987700468726 -54.851527621437796 1200.0000000000002 45000.0 
-0.6819983600624985 -0.7313537016191705 0.0 600.0 

@ 49
312.0 0.0
824.8607299369872 -877.2712101783693 1.1368683772161605E-13 60000.0 
-50.18479547691423 -55.7358619108047 1200.0000000000002 45000.0 
-0.6691306063588582 -0.7431448254773942 0.0 600.0 

@ 50
311.0 0.0
840.0455933682755 -862.7417928108861 1.1368683772161603E-13 60000.0 
-49.20442717428806 -56.60321851670789 1200.0 45000.0 
-0.6560590289905074 -0.7547095802227719 0.0 600.0 

@ 51
310.0 0.0
854.9745707741197 -847.9495759357451 0.0 60000.0 
-48.20907072649059 -57.45333323392335 1199.9999999999998 45000.0 
-0.6427876096865394 -0.766044443118978 0.0 600.0 

@ 52
309.0 0.0
869.6431146433812 -832.8990654055024 -2.469136006766348E-13 60000.00000000001 
-47.19902932873755 -58.285947109272556 1200.0000000000002 45000.0 
-0.6293203910498375 -0.7771459614569708 0.0 600.0 

@ 53
307.99999999999994 0.0
884.0467567955004 -817.5948457514621 0.0 60000.0 
-46.17461064942451 -59.10080652050428 1199.9999999999998 45000.0 
-0.6156614753256583 -0.7880107536067219 0.0 600.0 

@ 54
307.0 0.0
898.1811097415465 -802.0415787871872 1.1368683772161603E-13 60000.0 
-45.13612673640362 -59.89766325354696 1200.0 45000.0 
-0.6018150231520483 -0.7986355100472928 0.0 600.0 

@ 55
306.0 0.0
912.0418680206897 -786.2440021884624 0.0 60000.0 
-44.083893921935484 -60.67627457812106 1200.0 45000.0 
-0.5877852522924731 -0.8090169943749475 0.0 600.0 

@ 56
305.0 0.0
925.6248095116855 -770.2069280501546 -2.9398705692074145E-13 60000.00000000001 
-43.01823272632833 -61.43640332167412 1200.0000000000002 45000.0 
-0.573576436351046 -0.8191520442889918 0.0 600.0 

@ 57
304.0 0.0
938.9257967189753 -753.9352414204003 0.0 60000.0 
-41.939467760305874 -62.17781794162799 1200.0000000000002 45000.0 
-0.5591929034707468 -0.8290375725550417 0.0 600.0 

@ 58
303.0 0.0
951.9407780330062 -737.4338988125749 0.0 60000.0 
-40.84792762612717 -62.9002925959068 1199.9999999999998 45000.0 
-0.5446390350150272 -0.8386705679454239 0.0 600.0 

@ 59
302.0 0.0
964.6657889643908 -720.7079266954884 0.0 60000.0 
-39.74394481749023 -63.603607211731685 1200.0000000000002 45000.0 
-0.5299192642332049 -0.8480480961564261 0.0 600.0 

@ 60
301.0 0.0
977.096953351529 -703.7624199622767 -4.707345624410664E-14 60000.0 
-38.62785561825408 -64.28754755265828 1200.0 45000.0 
-0.5150380749100544 -0.8571673007021122 0.0 600.0 

@ 61
299.99999999999994 0.0
989.2304845413264 -686.602540378444 0.0 60000.0 
-37.49999999999987 -64.9519052838329 1200.0000000000002 45000.0 
-0.5000000000000001 -0.8660254037844386 0.0 600.0 

@ 62
298.99999999999994 0.0
1001.0626865426412 -669.233515009544 1.9539925233402755E-14 60000.0 
-36.360721518475344 -65.59647803545468 1200.0 45000.0 
-0.4848096202463371 -0.8746197071393957 0.0 600.0 

@ 63
298.0 0.0
1012.5899551521231 -651.6606346289617 1.1368683772161603E-13 60000.0 
-35.21036720894175 -66.22106946441964 1200.0 45000.0 
-0.46947156278589086 -0.8829475928589269 0.0 600.0 

@ 64
297.0 0.0
1023.8087790520866 -633.889252106293 2.2737367544323206E-13 60000.0 
-34.04928748046601 -66.82548931412758 1200.0 45000.0 
-0.45399049973954686 -0.8910065241883678 0.0 600.0 

@ 65
296.0 0.0
1034.7157408800927 -615.9247807768096 6.661338147750939E-14 60000.0 
-32.877836009180875 -67.4095534724374 1199.9999999999998 45000.0 
-0.43837114678907746 -0.898794046299167 0.0 600.0 

@ 66
295.0 0.0
1045.30751826991 -597.7726927925044 9.769962616701378E-15 60000.0 
-31.696369630552525 -67.97308402774887 1199.9999999999998 45000.0 
-0.42261826174069944 -0.9063077870366499 0.0 600.0 

@ 67
294.0 0.0
1055.5808848635409 -579.4385174552206 -1.1368683772161603E-13 60000.0 
-30.505248230685027 -68.51590932319493 1200.0 45000.0 
-0.4067366430758004 -0.9135454576426009 0.0 600.0 

@ 68
293.0 0.0
1065.532711294001 -560.9278395323724 9.769962616701365E-15 60000.0 
-29.30483463669546 -69.0378640089329 1200.0000000000002 45000.0 
-0.3907311284892737 -0.9205048534524404 0.0 600.0 

@ 69
292.0 0.0
1075.1599661385535 -542.2462975557735 5.6843418860808015E-14 60000.0 
-28.095494506193415 -69.53878909250918 1200.0 45000.0 
-0.3746065934159122 -0.9271838545667873 0.0 600.0 

@ 70
290.99999999999994 0.0
1084.4597168421121 -523.3995821040804 -1.0391687510491468E-13 60000.00000000001 
-26.877596215897583 -70.01853198728988 1200.0 45000.0 
-0.35836794954530016 -0.9335804264972017 0.0 600.0 

@ 71
290.0 0.0
1093.429130610523 -504.39343406939344 -6.661338147750939E-14 60000.00000000001 
-25.651510749425032 -70.47694655894313 1200.0000000000002 45000.0 
-0.3420201433256688 -0.9396926207859083 0.0 600.0 

@ 72
289.0 0.0
1102.065475273464 -485.2336429085198 -5.684341886080801E-14 60000.0 
-24.41761158428676 -70.9138931699485 1200.0 45000.0 
-0.32556815445715676 -0.9455185755993167 0.0 600.0 

@ 73
288.0 0.0
1110.3661201166894 -465.9260448794523 1.234568003383174E-13 60000.00000000001 
-23.176274578120996 -71.32923872213625 1200.0000000000002 45000.0 
-0.30901699437494745 -0.9510565162951535 0.0 600.0 

@ 74
287.0 0.0
1118.3285366833688 -446.47652126358764 0.0 60000.0 
-21.927877854205256 -71.72285669722778 1200.0 45000.0 
-0.29237170472273677 -0.9563047559630354 0.0 600.0 

@ 75
285.99999999999994 0.0
1125.9502995442826 -426.8909965742308 1.1368683772161603E-13 60000.0 
-20.672801686274937 -72.09462719537392 1200.0 45000.0 
-0.27563735581699916 -0.9612616959383189 0.0 600.0 

@ 76
285.0 0.0
1133.2290870366298 -407.1754367519318 -5.6843418860808015E-14 60000.0 
-19.411428382689056 -72.44443697167999 1200.0 45000.0 
-0.25881904510252074 -0.9659258262890683 0.0 600.0 

@ 77
283.99999999999994 0.0
1140.1626819712292 -387.3358473472008 8.038014698286133E-14 60000.0 
-18.144142169975044 -72.77217947069987 1200.0 45000.0 
-0.24192189559966767 -0.9702957262759965 0.0 600.0 

@ 78
282.99999999999994 0.0
1146.7489723078957 -367.3782716911617 3.3306690738754696E-14 60000.0 
-16.871329075789852 -73.07775485889252 1200.0000000000002 45000.0 
-0.22495105434386514 -0.9743700647852352 0.0 600.0 

@ 79
282.0 0.0
1152.985951798791 -347.30878905469166 2.8421709430404007E-14 60000.0 
-15.593376811331943 -73.36107005503543 1200.0 45000.0 
-0.20791169081775923 -0.9781476007338057 0.0 600.0 

@ 80
280.99999999999994 0.0
1158.8717205995426 -327.13351279662027 -8.038014698286131E-14 60000.0 
-14.310674653240968 -73.6220387585748 1199.9999999999998 45000.0 
-0.19080899537654492 -0.981627183447664 0.0 600.0 

@ 81
280.0 0.0
1164.4044858479563 -306.85858850153727 -4.7073456244106675E-14 60000.00000000001 
-13.023613325019783 -73.86058147591534 1200.0000000000002 45000.0 
-0.17364817766693041 -0.984807753012208 0.0 600.0 

@ 82
278.99999999999994 0.0
1169.5825622101422 -286.4901921077909 -2.8421709430404007E-14 60000.0 
-11.732584878017319 -74.07662554463533 1200.0 45000.0 
-0.15643446504023092 -0.9876883405951378 0.0 600.0 

@ 83
277.99999999999994 0.0
1174.4043723938778 -266.0345280262356 -3.3306690738754696E-14 60000.0 
-10.437982572004909 -74.27010515561764 1200.0 45000.0 
-0.13917310096006547 -0.9902680687415704 0.0 600.0 

@ 84
276.99999999999994 0.0
1178.8684476290714 -245.49782725030911 -2.8421709430404004E-14 60000.0 
-9.140200755386077 -74.44096137309914 1199.9999999999998 45000.0 
-0.12186934340514749 -0.992546151641322 0.0 600.0 

@ 85
275.99999999999994 0.0
1182.9734281151625 -224.8863454580115 -2.4424906541753444E-15 60000.00000000001 
-7.839634745073977 -74.58914215262038 1200.0000000000002 45000.0 
-0.10452846326765346 -0.9945218953682733 0.0 600.0 

@ 86
274.9999999999999 0.0
1186.7180634353288 -204.20636110636462 -2.8421709430404007E-14 60000.0 
-6.536680706074377 -74.71460235688092 1200.0 45000.0 
-0.08715574274765836 -0.9961946980917455 0.0 600.0 

@ 87
273.99999999999994 0.0
1190.1012129373764 -183.46417351893268 1.6653345369377348E-14 60000.0 
-5.2317355308093765 -74.8173037694867 1200.0000000000002 45000.0 
-0.06975647374412523 -0.9975640502598242 0.0 600.0 

@ 88
272.9999999999999 0.0
1193.1218460811942 -162.66610096699017 -5.884182030513328E-15 60000.00000000001 
-3.9251967182208065 -74.89721510659292 1199.9999999999998 45000.0 
-0.052335956242943966 -0.9986295347545738 0.0 600.0 

@ 89
271.9999999999999 0.0
1195.7790427526647 -141.81847874491086 -8.326672684688674E-15 60000.0 
-2.6174622526875724 -74.95431202643205 1200.0000000000002 45000.0 
-0.03489949670250108 -0.9993908270190958 0.0 600.0 

@ 90
270.9999999999995 0.0
1198.0719935439413 -120.92765724037945 -3.552713678800501E-15 60000.0 
-1.3089304827962698 -74.98857713672935 1200.0 45000.0 
-0.0174524064372836 -0.9998476951563913 0.0 600.0 

@ 91
270.0 0.0
1200.0 -100.00000000000007 -2.4245343728311713E-15 60000.0 
-4.592425496802574E-15 -75.0 1200.0 45000.0 
-6.123233995736766E-17 -1.0 0.0 600.0 

@ 92
269.00000000000045 0.0
1201.5624748313978 -79.04188179089896 0.0 60000.0 
1.3089304827962607 -74.98857713672935 1200.0 45000.0 
0.017452406437283477 -0.9998476951563913 0.0 600.0 

@ 93
268.00000000000006 0.0
1202.758942093165 -58.05968665890869 2.4424906541753444E-15 60000.0 
2.617462252687538 -74.95431202643205 1200.0000000000002 45000.0 
0.03489949670250073 -0.9993908270190958 0.0 600.0 

@ 94
267.00000000000006 0.0
1203.589037329783 -37.05980598392479 -1.221245327087673E-15 60000.00000000001 
3.925196718220797 -74.89721510659292 1199.9999999999998 45000.0 
0.05233595624294384 -0.9986295347545738 0.0 600.0 

@ 95
266.00000000000006 0.0
1204.0525076862016 -16.048636533032067 -4.507505479978136E-14 60000.00000000001 
5.231735530809384 -74.8173037694867 1200.0000000000002 45000.0 
0.06975647374412533 -0.9975640502598242 0.0 600.0 

@ 96
265.0000000000001 0.0
1204.1492119848606 4.9674214880153045 0.0 60000.0 
6.5366807060743675 -74.71460235688092 1200.0 45000.0 
0.08715574274765824 -0.9961946980917455 0.0 600.0 

@ 97
264.00000000000006 0.0
1203.8791207686938 25.98196638435668 -9.325873406851309E-15 60000.0 
7.839634745073966 -74.58914215262038 1200.0000000000002 45000.0 
0.10452846326765333 -0.9945218953682734 0.0 600.0 

@ 98
263.0 0.0
1203.2423163101012 46.988596922044636 -2.8421709430404014E-14 60000.0 
9.140200755386019 -74.44096137309889 1200.0000000000002 45000.0 
0.12186934340514737 -0.9925461516413221 0.0 600.0 

@ 99
262.00000000000006 0.0
1202.2389925858909 67.98091427792112 -2.8421709430404014E-14 60000.0 
10.43798257200485 -74.27010515561777 1200.0000000000002 45000.0 
0.13917310096006513 -0.9902680687415704 0.0 600.0 

@ 100
261.00000000000006 0.0
1200.869455218188 88.9525239887634 -6.17284001691587E-14 60000.00000000001 
11.73258487801733 -74.07662554463533 1200.0 45000.0 
0.15643446504023104 -0.9876883405951377 0.0 600.0 

@ 101
260.0 0.0
1199.1341213813423 109.89703789909551 -4.884981308350676E-15 60000.00000000001 
13.023613325019742 -73.86058147591534 1200.0000000000002 45000.0 
0.1736481776669303 -0.984807753012208 0.0 600.0 

@ 102
259.00000000000006 0.0
1197.0335196748513 130.80807610708737 2.8421709430404E-14 60000.0 
14.310674653240927 -73.6220387585748 1199.9999999999998 45000.0 
0.1908089953765448 -0.981627183447664 0.0 600.0 

@ 103
258.00000000000006 0.0
1194.5682899623428 151.67926890793038 -2.353672812205332E-14 60000.0 
15.5933768113319 -73.36107005503543 1200.0 45000.0 
0.20791169081775912 -0.9781476007338057 0.0 600.0 

@ 104
257.0 0.0
1191.7391831766688 172.50425873411416 -3.3306690738754696E-14 60000.00000000001 
16.871329075789795 -73.07775485889238 1200.0000000000002 45000.0 
0.2249510543438648 -0.9743700647852352 0.0 600.0 

@ 105
256.00000000000006 0.0
1188.5470610911625 193.27670209200141 3.3306690738754696E-14 60000.0 
18.144142169975034 -72.77217947069987 1200.0 45000.0 
0.24192189559966756 -0.9702957262759965 0.0 600.0 

@ 106
255.0 0.0
1184.992896057134 213.99027149411813 -9.769962616701378E-15 60000.0 
19.411428382689063 -72.44443697167999 1200.0 45000.0 
0.25881904510252085 -0.9659258262890683 0.0 600.0 

@ 107
254.00000000000006 0.0
1181.0777707076825 234.63865738656702 -4.707345624410664E-14 60000.0 
20.672801686274862 -72.09462719537392 1200.0 45000.0 
0.27563735581699905 -0.9612616959383189 0.0 600.0 

@ 108
253.00000000000006 0.0
1176.8028776279166 255.21557007098045 0.0 60000.0 
21.92787785420525 -71.72285669722767 1200.0 45000.0 
0.29237170472273666 -0.9563047559630355 0.0 600.0 

@ 109
252.0 0.0
1172.169518991679 275.7147416204214 0.0 60000.0 
23.17627457812105 -71.32923872213652 1200.0 45000.0 
0.30901699437494734 -0.9510565162951536 0.0 600.0 

@ 110
251.00000000000003 0.0
1167.179106164896 296.12992778865595 -6.661338147750939E-14 60000.0 
24.417611584286668 -70.91389316994851 1200.0000000000005 45000.0 
0.3255681544571564 -0.9455185755993168 0.0 600.0 

@ 111
250.00000000000003 0.0
1161.833159275657 316.45490991221163 -4.707345624410664E-14 60000.0 
25.651510749425086 -70.47694655894313 1200.0000000000002 45000.0 
0.3420201433256687 -0.9396926207859084 0.0 600.0 

@ 112
249.00000000000003 0.0
1156.133306751172 336.6834968046401 -9.769962616701384E-15 60000.0 
26.877596215897654 -70.01853198729013 1199.9999999999998 45000.0 
0.35836794954530027 -0.9335804264972017 0.0 600.0 

@ 113
248.00000000000003 0.0
1150.0812848217363 356.80952664241573 -5.6843418860808015E-14 60000.0 
28.095494506193404 -69.53878909250906 1200.0 45000.0 
0.37460659341591207 -0.9271838545667874 0.0 600.0 

@ 114
247.0 0.0
1143.6789369918558 376.8268688418843 -5.6843418860808015E-14 60000.0 
29.30483463669552 -69.03786400893316 1200.0 45000.0 
0.3907311284892736 -0.9205048534524404 0.0 600.0 

@ 115
245.99999999999997 0.0
1136.9282134787013 396.72942592670006 -5.6843418860808015E-14 60000.0 
30.50524823068501 -68.51590932319507 1200.0 45000.0 
0.4067366430758001 -0.913545457642601 0.0 600.0 

@ 116
245.00000000000003 0.0
1129.83117061805 416.5111353851742 0.0 60000.0 
31.69636963055245 -67.97308402774875 1200.0 45000.0 
0.42261826174069933 -0.90630778703665 0.0 600.0 

@ 117
244.0 0.0
1122.389970237908 436.16597151697624 4.707345624410664E-14 60000.00000000001 
32.87783600918082 -67.40955347243725 1200.0 45000.0 
0.4383711467890775 -0.8987940462991669 0.0 600.0 

@ 118
243.00000000000006 0.0
1114.6068789999963 455.68794726861927 -1.1368683772161603E-13 60000.0 
34.049287480466006 -66.82548931412747 1200.0 45000.0 
0.45399049973954675 -0.8910065241883679 0.0 600.0 

@ 119
242.0 0.0
1106.4842677093015 475.0711160571759 0.0 60000.0 
35.21036720894179 -66.2210694644194 1200.0 45000.0 
0.46947156278589053 -0.8829475928589271 0.0 600.0 

@ 120
241.00000000000003 0.0
1098.0246105919089 494.3095735816647 0.0 60000.0 
36.36072151847527 -65.59647803545457 1200.0000000000002 45000.0 
0.484809620246337 -0.8746197071393959 0.0 600.0 

@ 121
240.00000000000003 0.0
1089.2304845413266 513.397459621556 -1.1368683772161605E-13 60000.00000000001 
37.49999999999985 -64.95190528383264 1200.0000000000002 45000.0 
0.4999999999999998 -0.8660254037844387 0.0 600.0 

@ 122
238.99999999999997 0.0
1080.10456833354 532.3289598218537 4.707345624410665E-14 60000.0 
38.62785561825407 -64.28754755265815 1200.0000000000002 45000.0 
0.5150380749100543 -0.8571673007021123 0.0 600.0 

@ 123
238.0 0.0
1070.6496418110319 551.0983074642031 0.0 60000.0 
39.74394481749036 -63.603607211731955 1200.0 45000.0 
0.5299192642332048 -0.8480480961564261 0.0 600.0 

@ 124
237.00000000000003 0.0
1060.8685850360116 569.6997852234902 0.0 60000.0 
40.84792762612703 -62.900292595906805 1200.0 45000.0 
0.5446390350150271 -0.838670567945424 0.0 600.0 

@ 125
236.0 0.0
1050.7643774131247 588.1277269093919 1.9539925233402755E-14 60000.0 
41.939467760305874 -62.17781794162787 1200.0000000000002 45000.0 
0.5591929034707467 -0.8290375725550417 0.0 600.0 

@ 126
235.00000000000003 0.0
1040.340096781895 606.3765191923558 2.2737367544323206E-13 60000.0 
43.018232726328435 -61.43640332167427 1200.0 45000.0 
0.5735764363510458 -0.819152044288992 0.0 600.0 

@ 127
234.0 0.0
1029.5989184791842 624.4406033134729 -1.8030021919912542E-13 60000.0 
44.083893921935484 -60.67627457812093 1200.0 45000.0 
0.587785252292473 -0.8090169943749475 0.0 600.0 

@ 128
232.99999999999997 0.0
1018.5441143719562 642.3144767777287 -4.707345624410664E-14 60000.0 
45.136126736403625 -59.89766325354709 1200.0 45000.0 
0.6018150231520484 -0.7986355100472927 0.0 600.0 

@ 129
232.0 0.0
1007.1790518606325 659.9926950301178 -2.2737367544323206E-13 60000.0 
46.17461064942437 -59.10080652050415 1200.0 45000.0 
0.6156614753256583 -0.788010753606722 0.0 600.0 

@ 130
231.00000000000006 0.0
995.5071928533489 677.4698731141076 0.0 60000.0 
47.199029328737794 -58.28594710927269 1200.0 45000.0 
0.6293203910498373 -0.777145961456971 0.0 600.0 

@ 131
229.99999999999997 0.0
983.5320927114276 694.7406873119494 -1.1368683772161602E-13 60000.0 
48.20907072649059 -57.45333323392335 1199.9999999999998 45000.0 
0.6427876096865394 -0.766044443118978 0.0 600.0 

@ 132
229.00000000000003 0.0
971.2573991663775 711.7998767663316 -1.9984014443252823E-13 60000.0 
49.20442717428817 -56.60321851670791 1200.0 45000.0 
0.6560590289905072 -0.7547095802227721 0.0 600.0 

@ 133
228.00000000000003 0.0
958.6868512087592 728.6422450828901 0.0 60000.0 
50.184795476914346 -55.73586191080459 1200.0 45000.0 
0.6691306063588579 -0.7431448254773945 0.0 600.0 

@ 134
227.0 0.0
945.8242779492547 745.2626619130809 -4.707345624410664E-14 60000.0 
51.149877004687376 -54.85152762143793 1200.0 45000.0 
0.6819983600624984 -0.7313537016191706 0.0 600.0 

@ 135
226.0 0.0
932.6735974522811 761.6560645169318 1.1368683772161603E-13 60000.0 
52.0993777844248 -53.950485025398834 1200.0 45000.0 
0.6946583704589974 -0.7193398003386511 0.0 600.0 

@ 136
225.0 0.0
919.2388155425118 777.8174593052022 1.1368683772161602E-13 60000.0 
53.033008588991194 -53.033008588991066 1199.9999999999998 45000.0 
0.7071067811865475 -0.7071067811865476 0.0 600.0 

@ 137
224.0 0.0
905.524024584662 793.7419233604812 -4.7073456244106625E-14 60000.0 
53.95048502539882 -52.099377784424945 1200.0 45000.0 
0.719339800338651 -0.6946583704589975 0.0 600.0 

@ 138
223.00000000000003 0.0
891.5334022369154 809.4246059367547 0.0 60000.0 
54.85152762143778 -51.1498770046874 1200.0 45000.0 
0.7313537016191705 -0.6819983600624986 0.0 600.0 

@ 139
221.99999999999997 0.0
877.2712101783691 824.8607299369875 1.1368683772161603E-13 60000.00000000001 
55.73586191080445 -50.184795476914225 1200.0000000000002 45000.0 
0.7431448254773944 -0.669130606358858 0.0 600.0 

@ 140
221.0 0.0
862.7417928108858 840.0455933682756 1.1368683772161603E-13 60000.0 
56.6032185167079 -49.20442717428804 1200.0 45000.0 
0.754709580222772 -0.6560590289905073 0.0 600.0 

@ 141
220.0 0.0
847.9495759357451 854.9745707741197 0.0 60000.0 
57.453333233923345 -48.20907072649046 1200.0 45000.0 
0.7660444431189779 -0.6427876096865395 0.0 600.0 

@ 142
218.99999999999997 0.0
832.8990654055018 869.6431146433814 2.2737367544323203E-13 60000.0 
58.28594710927295 -47.1990293287378 1199.9999999999998 45000.0 
0.7771459614569709 -0.6293203910498374 0.0 600.0 

@ 143
218.00000000000003 0.0
817.5948457514622 884.0467567955005 -1.1368683772161603E-13 60000.0 
59.10080652050414 -46.17461064942438 1200.0 45000.0 
0.7880107536067219 -0.6156614753256584 0.0 600.0 

@ 144
217.00000000000003 0.0
802.0415787871877 898.1811097415462 0.0 60000.0 
59.897663253546945 -45.13612673640351 1200.0 45000.0 
0.7986355100472926 -0.6018150231520486 0.0 600.0 

@ 145
216.0 0.0
786.2440021884624 912.0418680206894 3.907985046680551E-14 60000.0 
60.67627457812092 -44.083893921935626 1200.0 45000.0 
0.8090169943749473 -0.5877852522924732 0.0 600.0 

@ 146
215.0 0.0
770.2069280501545 925.6248095116856 -4.707345624410664E-14 60000.0 
61.43640332167439 -43.01823272632858 1200.0 45000.0 
0.8191520442889919 -0.5735764363510459 0.0 600.0 

@ 147
214.0 0.0
753.9352414204004 938.9257967189753 1.9539925233402755E-14 60000.0 
62.17781794162812 -41.93946776030615 1200.0 45000.0 
0.8290375725550416 -0.5591929034707469 0.0 600.0 

@ 148
212.99999999999997 0.0
737.4338988125751 951.9407780330062 -9.414691248821327E-14 60000.0 
62.90029259590666 -40.84792762612718 1200.0 45000.0 
0.8386705679454239 -0.5446390350150273 0.0 600.0 

@ 149
212.0 0.0
720.7079266954885 964.6657889643907 1.3322676295501878E-13 60000.0 
63.60360721173195 -39.743944817490366 1200.0 45000.0 
0.848048096156426 -0.5299192642332049 0.0 600.0 

@ 150
211.0 0.0
703.7624199622767 977.096953351529 1.3322676295501878E-13 60000.0 
64.28754755265841 -38.62785561825408 1199.9999999999998 45000.0 
0.8571673007021122 -0.5150380749100544 0.0 600.0 

@ 151
209.99999999999997 0.0
686.6025403784439 989.2304845413266 -1.3322676295501878E-13 60000.0 
64.9519052838329 -37.50000000000006 1200.0 45000.0 
0.8660254037844387 -0.49999999999999994 0.0 600.0 

@ 152
209.00000000000003 0.0
669.2335150095441 1001.0626865426411 -6.661338147750939E-14 60000.0 
65.59647803545468 -36.36072151847535 1200.0 45000.0 
0.8746197071393957 -0.48480962024633717 0.0 600.0 

@ 153
207.99999999999997 0.0
651.6606346289616 1012.5899551521234 -6.661338147750939E-14 60000.0 
66.2210694644194 -35.21036720894174 1200.0000000000002 45000.0 
0.882947592858927 -0.4694715627858907 0.0 600.0 

@ 154
206.99999999999997 0.0
633.889252106293 1023.8087790520866 2.2737367544323203E-13 60000.0 
66.82548931412771 -34.04928748046595 1199.9999999999998 45000.0 
0.8910065241883678 -0.45399049973954686 0.0 600.0 

@ 155
206.00000000000003 0.0
615.9247807768099 1034.7157408800924 1.3322676295501878E-13 60000.0 
67.40955347243751 -32.87783600918076 1200.0 45000.0 
0.8987940462991668 -0.4383711467890777 0.0 600.0 

@ 156
205.0 0.0
597.7726927925044 1045.30751826991 1.9984014443252818E-13 60000.0 
67.97308402774874 -31.696369630552528 1199.9999999999998 45000.0 
0.9063077870366499 -0.4226182617406995 0.0 600.0 

@ 157
204.0 0.0
579.4385174552202 1055.5808848635413 -9.414691248821325E-14 60000.0 
68.51590932319507 -30.505248230685133 1200.0 45000.0 
0.913545457642601 -0.40673664307580004 0.0 600.0 

@ 158
203.0 0.0
560.9278395323726 1065.532711294001 -6.661338147750939E-14 60000.0 
69.03786400893276 -29.304834636695464 1200.0000000000002 45000.0 
0.9205048534524404 -0.39073112848927377 0.0 600.0 

@ 159
202.0 0.0
542.2462975557734 1075.1599661385533 1.6076029396572267E-13 60000.0 
69.53878909250905 -28.09549450619335 1200.0 45000.0 
0.9271838545667873 -0.37460659341591224 0.0 600.0 

@ 160
201.0 0.0
523.399582104081 1084.459716842112 6.661338147750939E-14 60000.0 
70.01853198728999 -26.87759621589762 1200.0 45000.0 
0.9335804264972016 -0.35836794954530066 0.0 600.0 

@ 161
200.0 0.0
504.39343406939355 1093.4291306105229 1.3322676295501878E-13 60000.00000000001 
70.476946558943 -25.651510749425103 1200.0000000000002 45000.0 
0.9396926207859083 -0.3420201433256689 0.0 600.0 

@ 162
198.99999999999997 0.0
485.23364290851964 1102.0654752734645 0.0 60000.0 
70.91389316994876 -24.41761158428661 1200.0 45000.0 
0.9455185755993168 -0.3255681544571566 0.0 600.0 

@ 163
198.00000000000003 0.0
465.92604487945243 1110.3661201166894 -3.907985046680551E-14 60000.0 
71.32923872213664 -23.176274578120996 1200.0 45000.0 
0.9510565162951535 -0.3090169943749475 0.0 600.0 

@ 164
197.00000000000003 0.0
446.476521263588 1118.328536683369 -1.9984014443252818E-13 60000.0 
71.72285669722739 -21.927877854205143 1200.0000000000002 45000.0 
0.9563047559630354 -0.29237170472273705 0.0 600.0 

@ 165
196.0 0.0
426.890996574231 1125.9502995442829 -2.2737367544323206E-13 60000.0 
72.09462719537392 -20.672801686275072 1200.0 45000.0 
0.9612616959383189 -0.2756373558169992 0.0 600.0 

@ 166
195.00000000000003 0.0
407.17543675193207 1133.2290870366298 -6.661338147750939E-14 60000.0 
72.44443697168012 -19.41142838268901 1199.9999999999998 45000.0 
0.9659258262890682 -0.258819045102521 0.0 600.0 

@ 167
194.0 0.0
387.3358473472009 1140.1626819712292 -1.9984014443252818E-13 60000.0 
72.77217947069961 -18.14414216997511 1200.0000000000002 45000.0 
0.9702957262759965 -0.24192189559966773 0.0 600.0 

@ 168
193.0 0.0
367.37827169116184 1146.7489723078957 0.0 60000.0 
73.07775485889252 -16.871329075789724 1200.0000000000002 45000.0 
0.9743700647852351 -0.2249510543438652 0.0 600.0 

@ 169
192.0 0.0
347.3087890546917 1152.985951798791 -3.3306690738754696E-14 60000.0 
73.36107005503516 -15.593376811331982 1200.0000000000002 45000.0 
0.9781476007338057 -0.20791169081775931 0.0 600.0 

@ 170
191.0 0.0
327.1335127966203 1158.8717205995422 2.6645352591003757E-13 60000.0 
73.62203875857467 -14.310674653240973 1200.0 45000.0 
0.981627183447664 -0.19080899537654497 0.0 600.0 

@ 171
190.0 0.0
306.8585885015377 1164.4044858479565 1.6653345369377348E-13 60000.0 
73.8605814759156 -13.02361332501987 1199.9999999999998 45000.0 
0.984807753012208 -0.17364817766693072 0.0 600.0 

@ 172
189.0 0.0
286.49019210779096 1169.582562210142 2.7533531010703933E-14 60000.00000000001 
74.07662554463533 -11.73258487801726 1200.0 45000.0 
0.9876883405951377 -0.15643446504023098 0.0 600.0 

@ 173
187.99999999999997 0.0
266.0345280262355 1174.4043723938782 -3.9390712913700564E-13 60000.0 
74.27010515561764 -10.437982572004966 1200.0000000000002 45000.0 
0.9902680687415704 -0.13917310096006533 0.0 600.0 

@ 174
186.99999999999997 0.0
245.49782725030923 1178.8684476290714 1.8895995879120157E-13 60000.0 
74.44096137309914 -9.140200755386216 1199.9999999999998 45000.0 
0.992546151641322 -0.12186934340514755 0.0 600.0 

@ 175
186.00000000000003 0.0
224.88634545801182 1182.9734281151625 1.6653345369377348E-14 60000.0 
74.5891421526205 -7.839634745074047 1200.0 45000.0 
0.9945218953682733 -0.10452846326765373 0.0 600.0 

@ 176
185.0 0.0
204.20636110636445 1186.7180634353292 -2.1649348980190558E-13 60000.0 
74.71460235688092 -6.536680706074298 1200.0 45000.0 
0.9961946980917455 -0.0871557427476582 0.0 600.0 

@ 177
184.0 0.0
183.46417351893308 1190.1012129373764 3.907985046680551E-14 60000.00000000001 
74.8173037694867 -5.231735530809532 1200.0000000000002 45000.0 
0.9975640502598242 -0.06975647374412552 0.0 600.0 

@ 178
183.00000000000003 0.0
162.66610096699048 1193.121846081194 2.773337115513641E-13 60000.00000000001 
74.89721510659292 -3.925196718220728 1200.0 45000.0 
0.9986295347545738 -0.05233595624294425 0.0 600.0 

@ 179
182.0 0.0
141.81847874491092 1195.7790427526647 1.4155343563970746E-13 60000.0 
74.95431202643205 -2.6174622526875857 1200.0000000000002 45000.0 
0.9993908270190958 -0.03489949670250114 0.0 600.0 

@ 180
181.0 0.0
120.92765724037925 1198.071993543941 1.8990364836213303E-13 60000.0 
74.98857713672935 -1.3089304827962205 1200.0 45000.0 
0.9998476951563913 -0.01745240643728344 0.0 600.0 

@ 181
180.0 0.0
100.00000000000014 1200.0 1.194959100123552E-13 60000.0 
75.0 -1.2868076100596035E-13 1200.0 45000.0 
1.0 -1.2246467991473532E-16 0.0 600.0 

@ 182
179.0 0.0
79.0418817908993 1201.5624748313978 8.326672684688674E-15 60000.0 
74.98857713672935 1.3089304827962311 1200.0 45000.0 
0.9998476951563913 0.017452406437283192 0.0 600.0 

@ 183
178.0 0.0
58.05968665890849 1202.7589420931652 6.084022174945855E-14 60000.0 
74.95431202643205 2.6174622526875924 1200.0000000000002 45000.0 
0.9993908270190958 0.0348994967025009 0.0 600.0 

@ 184
177.00000000000003 0.0
37.05980598392512 1203.589037329783 -7.494005416219807E-14 60000.00000000001 
74.89721510659292 3.9251967182207013 1200.0 45000.0 
0.9986295347545738 0.052335956242943564 0.0 600.0 

@ 185
176.00000000000003 0.0
16.04863653303265 1204.0525076862018 -1.2745360322696797E-13 60000.0 
74.81730376948683 5.231735530809262 1200.0 45000.0 
0.9975640502598243 0.06975647374412483 0.0 600.0 

@ 186
175.00000000000003 0.0
-4.967421488015006 1204.1492119848606 3.33066907387547E-14 60000.0 
74.71460235688092 6.536680706074312 1200.0 45000.0 
0.9961946980917455 0.08715574274765794 0.0 600.0 

@ 187
174.0 0.0
-25.98196638435681 1203.8791207686932 -1.6653345369377346E-13 60000.00000000001 
74.58914215262038 7.83963474507403 1200.0000000000002 45000.0 
0.9945218953682733 0.1045284632676535 0.0 600.0 

@ 188
173.0 0.0
-46.988596922045076 1203.2423163101012 -1.6653345369377348E-13 60000.0 
74.44096137309914 9.140200755385981 1199.9999999999998 45000.0 
0.992546151641322 0.12186934340514775 0.0 600.0 

@ 189
172.0 0.0
-67.98091427792156 1202.2389925858906 -2.331468351712828E-13 60000.00000000001 
74.27010515561764 10.437982572005016 1200.0000000000002 45000.0 
0.9902680687415703 0.13917310096006552 0.0 600.0 

@ 190
171.0 0.0
-88.95252398876312 1200.8694552181887 3.6060043839825084E-13 60000.0 
74.07662554463533 11.732584878017304 1200.0 45000.0 
0.9876883405951378 0.15643446504023073 0.0 600.0 

@ 191
170.0 0.0
-109.89703789909565 1199.1341213813419 -3.663735981263015E-13 60000.0 
73.8605814759156 13.023613325019884 1199.9999999999998 45000.0 
0.984807753012208 0.17364817766693047 0.0 600.0 

@ 192
169.0 0.0
-130.80807610708723 1197.033519674851 -2.6645352591003757E-13 60000.0 
73.6220387585748 14.310674653241021 1199.9999999999998 45000.0 
0.981627183447664 0.19080899537654472 0.0 600.0 

@ 193
168.0 0.0
-151.67926890793032 1194.5682899623428 6.084022174945855E-14 60000.0 
73.36107005503543 15.593376811332064 1200.0 45000.0 
0.9781476007338057 0.20791169081775907 0.0 600.0 

@ 194
166.99999999999997 0.0
-172.50425873411444 1191.7391831766688 -2.2737367544323206E-13 60000.0 
73.07775485889265 16.87132907578974 1200.0 45000.0 
0.9743700647852352 0.22495105434386498 0.0 600.0 

@ 195
166.00000000000003 0.0
-193.27670209200136 1188.5470610911625 2.9976021664879227E-13 60000.0 
72.77217947069974 18.144142169974895 1200.0 45000.0 
0.9702957262759966 0.2419218955996675 0.0 600.0 

@ 196
165.00000000000003 0.0
-213.9902714941175 1184.992896057134 -3.9968028886505635E-13 60000.0 
72.44443697168 19.411428382689028 1199.9999999999998 45000.0 
0.9659258262890684 0.25881904510252035 0.0 600.0 

@ 197
164.00000000000003 0.0
-234.63865738656648 1181.0777707076827 1.3322676295501878E-13 60000.0 
72.09462719537406 20.672801686274962 1200.0 45000.0 
0.961261695938319 0.2756373558169986 0.0 600.0 

@ 198
163.0 0.0
-255.21557007098056 1176.8028776279161 0.0 60000.0 
71.72285669722766 21.927877854205256 1200.0 45000.0 
0.9563047559630354 0.29237170472273677 0.0 600.0 

@ 199
161.99999999999997 0.0
-275.714741620422 1172.1695189916788 -6.661338147750939E-14 60000.0 
71.32923872213638 23.176274578121014 1200.0000000000002 45000.0 
0.9510565162951535 0.30901699437494773 0.0 600.0 

@ 200
160.99999999999997 0.0
-296.1299277886564 1167.1791061648955 -1.3322676295501876E-13 60000.00000000001 
70.91389316994864 24.417611584286693 1200.0 45000.0 
0.9455185755993167 0.32556815445715676 0.0 600.0 

